16
0 0 1 0 1 1 0 0 0 0 0 0 0 0 0 0
0 0 0 0 1 0 0 0 1 0 1 0 0 0 0 0
1 0 0 0 0 0 0 0 0 1 0 0 0 0 0 0
0 0 0 0 1 0 0 0 1 0 0 0 1 0 0 0
1 1 0 1 0 0 0 0 0 0 0 0 0 0 0 0
1 0 0 0 0 0 0 0 0 1 0 0 0 0 0 0
0 0 0 0 0 0 0 0 0 1 0 0 0 0 0 1
0 0 0 0 0 0 0 0 1 0 0 1 0 0 0 1
0 1 0 1 0 0 0 1 0 0 0 0 0 1 0 0
0 0 1 0 0 1 1 0 0 0 0 0 1 0 0 0
0 1 0 0 0 0 0 0 0 0 0 0 0 1 0 0
0 0 0 0 0 0 0 1 0 0 0 0 0 0 1 0
0 0 0 1 0 0 0 0 0 1 0 0 0 0 0 1
0 0 0 0 0 0 0 0 1 0 1 0 0 0 1 0
0 0 0 0 0 0 0 0 0 0 0 1 0 1 0 0
0 0 0 0 0 0 1 1 0 0 0 0 1 0 0 0
1 1 1 0 0 0 0 0 0 0 0 0 0 0 0 0 0 0 0 0 0 0
0 0 0 1 1 1 0 0 0 0 0 0 0 0 0 0 0 0 0 0 0 0
-1 0 0 0 0 0 1 0 0 0 0 0 0 0 0 0 0 0 0 0 0 0
0 0 0 0 0 0 0 1 1 1 0 0 0 0 0 0 0 0 0 0 0 0
0 -1 0 0 0 -1 0 0 0 -1 0 0 0 0 0 0 0 0 0 0 0 0
0 0 -1 0 0 0 0 0 0 0 1 0 0 0 0 0 0 0 0 0 0 0
0 0 0 0 0 0 0 0 0 0 0 1 1 0 0 0 0 0 0 0 0 0
0 0 0 0 0 0 0 0 0 0 0 0 0 1 1 1 0 0 0 0 0 0
0 0 0 -1 0 0 0 -1 0 0 0 0 0 -1 0 0 1 0 0 0 0 0
0 0 0 0 0 0 -1 0 0 0 -1 -1 0 0 0 0 0 1 0 0 0 0
0 0 0 0 -1 0 0 0 0 0 0 0 0 0 0 0 0 0 1 0 0 0
0 0 0 0 0 0 0 0 0 0 0 0 0 0 -1 0 0 0 0 1 0 0
0 0 0 0 0 0 0 0 -1 0 0 0 0 0 0 0 0 -1 0 0 1 0
0 0 0 0 0 0 0 0 0 0 0 0 0 0 0 0 -1 0 -1 0 0 1
0 0 0 0 0 0 0 0 0 0 0 0 0 0 0 0 0 0 0 -1 0 -1
0 0 0 0 0 0 0 0 0 0 0 0 -1 0 0 -1 0 0 0 0 -1 0
172 20
452 24
152 84
321 111
315 0
0 38
171 302
331 312
408 190
60 148
585 165
481 491
254 182
571 211
587 327
254 252
