76
811
943
815
95
573
210
314
284
801
454
543
387
315
882
176
873
519
560
281
926
193
846
773
389
598
729
797
668
160
887
732
258
792
526
323
996
132
236
596
411
231
701
84
487
546
225
802
286
223
484
457
758
578
842
629
614
991
904
501
777
728
825
919
589
719
705
304
240
475
127
68
582
108
99
747
246
4
897
571
703
936
779
491
718
327
999
914
492
624
26
406
80
698
937
649
665
358
116
685
918
886
59
439
655
824
661
667
256
933
433
850
505
61
891
399
699
828
572
966
601
939
883
184
343
316
727
565
763
237
617
67
931
990
220
447
871
313
544
359
332
320
5
808
646
212
645
498
793
379
34
586
173
823
131
386
869
41
551
0
10
769
660
329
960
29
401
297
634
790
765
15
6
753
443
157
681
180
980
920
524
322
121
63
18
495
638
921
480
273
893
263
309
64
854
974
8
523
761
819
684
27
878
583
203
161
221
568
321
787
906
159
889
249
362
462
988
384
957
207
432
331
392
445
242
195
511
265
531
733
674
947
130
714
46
628
874
466
198
375
310
942
110
858
469
640
16
262
239
868
836
390
38
100
419
506
535
398
724
222
981
44
412
776
60
559
849
174
766
618
770
142
843
512
436
599
21
621
48
509
209
183
853
903
194
579
372
540
9
932
416
782
764
22
608
368
165
894
771
49
31
294
774
137
71
53
410
226
228
426
459
768
835
40
653
293
291
755
605
493
199
856
580
575
224
537
12
827
317
486
711
204
364
831
109
547
89
857
756
490
456
385
473
423
219
65
591
235
642
346
319
569
123
702
128
257
465
344
353
37
588
79
542
217
576
644
373
162
929
970
421
517
330
154
158
979
305
363
619
181
93
700
287
470
241
122
820
271
890
179
352
757
303
679
245
767
909
539
885
19
567
902
400
527
422
357
7
888
102
106
74
259
953
870
710
726
927
984
150
45
817
631
302
39
270
58
57
552
985
383
261
923