741
880
487
581
274
793
91
705
336
279
217
843
224
768
847
517
943
937
178
107
991
810
726
636
131
470
759
638
445
670
982
170
167
778
650
151
678
857
322
262
752
60
282
540
545
362
0
113
340
4
856
265
957
73
560
388
814
456
443
21
354
765
624
402
442
301
389
17
718
761
237
541
303
211
599
816
202
62
447
259
564
356
592
411
878
232
31
727
772
738
633
710
465
461
786
334
492
128
557
553
629
182
509
763
54
110
449
582
190
307
213
145
491
876
261
641
780
363
531
66
657
977
133
337
355
393
691
312
20
314
268
359
867
331
161
29
157
639
302
153
681
536
662
767
187
519
979
498
14
734
39
790
658
124
918
527
298
743
189
28
473
472
40
885
424
102
827
57
248
860
711
357
257
426
923
489
121
643
457
585
513
310
468
704
945
245
407
908
690
558
319
146
832
825
625
820
96
992
931
995
79
562
855
648
733
455
207
588
862
570
550
813
799
286
833
49
618
63
944
226
420
114
946
671
915
179
798
933
11
141
129
571
723
210
583
730
379
347
689
973
281
699
904
160
893
696
731
674
501
175
912
789
177
720
533
323
788
921
105
30
905
947
863
976
616
840
770
614
252
970
176
342
936
729
446
94
846
687
917
910
433
325
104
811
24
913
890
101
987
471
313
305
68
952
373
269
958
383
478
960
240
467
646
227
938
792
395
989
684
886
346
826
610
486
423
88
396
106
192
82
370
997
10
668
978
378
693
753
567
928
948
941
249
459
953
803
115
394
333
485
84
800
666
413
990
775
561
34
587
537
551
267
555
739
591
61
896
77
431
8
317
13
52
85
475
390
27
149
255
546
612
927
349
746
401
548
16
184
244
205
405
83
330
222
364
708
65
276
58
275
865
894
874
538
964
707
940
764
604
35
5
549
439
777
511
135
922
219
694
892
108
384
43
381
139
526
831
285
552
26
508
677
504
291
911
507
382
640
493
512
318
23
419
716
239
391
3
985
361
844
41
120
111
714
103
697
117
223
56
258
986
216
173
